1
1024 3414
0 87 1.0
0 873 1.0
0 989 1.0
1 268 1.0
1 914 1.0
2 221 1.0
2 358 1.0
2 366 1.0
2 1016 1.0
4 158 1.0
4 303 1.0
4 476 1.0
4 599 1.0
4 859 1.0
5 185 1.0
5 281 1.0
5 914 1.0
6 331 1.0
7 464 1.0
7 687 1.0
8 254 1.0
9 539 1.0
9 610 1.0
9 865 1.0
10 22 1.0
10 411 1.0
10 563 1.0
10 964 1.0
11 323 1.0
11 383 1.0
11 927 1.0
12 62 1.0
12 409 1.0
13 464 1.0
13 558 1.0
13 810 1.0
13 925 1.0
14 939 1.0
15 38 1.0
15 533 1.0
16 472 1.0
16 1019 1.0
17 968 1.0
17 973 1.0
17 982 1.0
18 349 1.0
18 441 1.0
18 488 1.0
18 533 1.0
18 754 1.0
18 1016 1.0
19 548 1.0
19 603 1.0
20 163 1.0
20 224 1.0
20 346 1.0
20 555 1.0
20 607 1.0
20 777 1.0
20 780 1.0
21 519 1.0
21 596 1.0
21 841 1.0
22 731 1.0
23 25 1.0
23 108 1.0
23 216 1.0
24 28 1.0
24 114 1.0
24 337 1.0
24 704 1.0
24 744 1.0
24 1010 1.0
25 34 1.0
25 74 1.0
25 521 1.0
25 725 1.0
26 823 1.0
26 996 1.0
27 138 1.0
27 272 1.0
27 305 1.0
28 868 1.0
29 320 1.0
29 788 1.0
29 862 1.0
30 113 1.0
30 167 1.0
30 531 1.0
31 207 1.0
31 600 1.0
31 869 1.0
32 516 1.0
32 738 1.0
32 825 1.0
32 1004 1.0
33 162 1.0
33 495 1.0
33 515 1.0
33 636 1.0
33 700 1.0
34 164 1.0
34 225 1.0
34 395 1.0
34 418 1.0
34 493 1.0
34 931 1.0
34 1007 1.0
35 289 1.0
35 490 1.0
35 531 1.0
35 639 1.0
35 656 1.0
35 890 1.0
35 918 1.0
36 91 1.0
36 303 1.0
36 354 1.0
36 951 1.0
37 100 1.0
37 123 1.0
37 128 1.0
37 222 1.0
37 905 1.0
37 1023 1.0
38 55 1.0
38 150 1.0
39 41 1.0
39 131 1.0
39 278 1.0
39 323 1.0
39 511 1.0
39 545 1.0
39 934 1.0
40 957 1.0
41 339 1.0
41 359 1.0
41 889 1.0
42 174 1.0
42 602 1.0
42 793 1.0
43 40 1.0
43 435 1.0
43 635 1.0
43 640 1.0
43 921 1.0
44 117 1.0
44 145 1.0
44 250 1.0
44 362 1.0
44 509 1.0
45 707 1.0
45 746 1.0
46 726 1.0
47 203 1.0
47 286 1.0
47 782 1.0
47 855 1.0
48 310 1.0
48 475 1.0
48 640 1.0
48 712 1.0
48 891 1.0
48 998 1.0
49 833 1.0
49 962 1.0
50 6 1.0
50 598 1.0
50 758 1.0
51 36 1.0
51 303 1.0
51 702 1.0
51 790 1.0
51 894 1.0
52 306 1.0
52 375 1.0
52 1003 1.0
53 24 1.0
53 64 1.0
53 114 1.0
53 506 1.0
53 533 1.0
53 634 1.0
53 869 1.0
53 948 1.0
54 478 1.0
55 300 1.0
56 176 1.0
56 350 1.0
57 394 1.0
57 928 1.0
58 434 1.0
58 692 1.0
59 173 1.0
59 575 1.0
59 705 1.0
59 843 1.0
60 24 1.0
60 53 1.0
60 430 1.0
61 183 1.0
61 485 1.0
61 493 1.0
61 760 1.0
62 152 1.0
62 296 1.0
62 341 1.0
62 779 1.0
62 912 1.0
63 45 1.0
63 159 1.0
63 675 1.0
63 746 1.0
63 753 1.0
63 916 1.0
63 952 1.0
64 16 1.0
64 92 1.0
64 103 1.0
64 311 1.0
64 506 1.0
64 634 1.0
65 38 1.0
65 365 1.0
65 475 1.0
65 574 1.0
65 880 1.0
65 988 1.0
66 398 1.0
66 591 1.0
66 669 1.0
66 872 1.0
66 918 1.0
67 136 1.0
67 543 1.0
67 688 1.0
67 976 1.0
68 600 1.0
69 581 1.0
69 660 1.0
69 730 1.0
70 48 1.0
70 154 1.0
70 786 1.0
70 998 1.0
71 4 1.0
71 476 1.0
71 532 1.0
71 686 1.0
72 118 1.0
72 189 1.0
72 306 1.0
72 626 1.0
73 305 1.0
73 712 1.0
74 34 1.0
74 725 1.0
75 611 1.0
75 773 1.0
75 897 1.0
76 225 1.0
76 361 1.0
76 721 1.0
77 120 1.0
77 316 1.0
77 725 1.0
78 367 1.0
78 722 1.0
78 899 1.0
78 936 1.0
79 336 1.0
79 724 1.0
79 963 1.0
80 184 1.0
80 358 1.0
80 641 1.0
80 789 1.0
81 204 1.0
81 257 1.0
81 372 1.0
81 413 1.0
81 706 1.0
82 662 1.0
82 791 1.0
82 993 1.0
83 175 1.0
83 213 1.0
83 929 1.0
84 93 1.0
84 123 1.0
84 540 1.0
85 305 1.0
85 876 1.0
88 335 1.0
88 695 1.0
88 817 1.0
88 950 1.0
89 145 1.0
89 357 1.0
90 2 1.0
90 337 1.0
90 917 1.0
91 143 1.0
91 949 1.0
92 53 1.0
92 533 1.0
93 117 1.0
93 509 1.0
93 718 1.0
94 382 1.0
94 809 1.0
94 948 1.0
95 248 1.0
95 309 1.0
95 401 1.0
95 576 1.0
95 731 1.0
96 687 1.0
96 732 1.0
97 489 1.0
97 584 1.0
97 765 1.0
98 146 1.0
98 181 1.0
98 351 1.0
98 604 1.0
98 673 1.0
99 56 1.0
99 429 1.0
99 632 1.0
99 848 1.0
99 946 1.0
100 128 1.0
100 877 1.0
100 909 1.0
100 943 1.0
101 387 1.0
101 443 1.0
101 731 1.0
101 733 1.0
101 904 1.0
102 30 1.0
102 200 1.0
102 245 1.0
102 701 1.0
103 208 1.0
103 387 1.0
103 866 1.0
104 78 1.0
104 367 1.0
104 388 1.0
104 529 1.0
104 722 1.0
105 103 1.0
105 191 1.0
105 350 1.0
105 741 1.0
106 6 1.0
106 71 1.0
106 200 1.0
106 245 1.0
106 540 1.0
106 567 1.0
107 23 1.0
107 144 1.0
107 202 1.0
107 208 1.0
107 216 1.0
107 385 1.0
108 182 1.0
108 267 1.0
108 628 1.0
108 709 1.0
108 981 1.0
109 314 1.0
109 541 1.0
110 82 1.0
110 140 1.0
110 510 1.0
110 662 1.0
112 143 1.0
112 334 1.0
113 74 1.0
113 531 1.0
113 803 1.0
114 60 1.0
114 353 1.0
114 386 1.0
114 676 1.0
114 694 1.0
114 946 1.0
114 957 1.0
115 499 1.0
115 505 1.0
115 789 1.0
116 193 1.0
116 551 1.0
116 583 1.0
116 587 1.0
116 937 1.0
117 219 1.0
117 286 1.0
117 467 1.0
117 736 1.0
117 852 1.0
118 275 1.0
118 801 1.0
119 201 1.0
119 229 1.0
119 567 1.0
120 316 1.0
120 613 1.0
120 956 1.0
121 57 1.0
121 108 1.0
121 292 1.0
121 804 1.0
121 928 1.0
121 981 1.0
122 643 1.0
122 725 1.0
122 1015 1.0
123 370 1.0
123 1023 1.0
124 37 1.0
124 161 1.0
125 45 1.0
125 400 1.0
125 486 1.0
125 857 1.0
126 155 1.0
126 338 1.0
126 541 1.0
126 731 1.0
126 760 1.0
127 210 1.0
127 290 1.0
127 762 1.0
128 466 1.0
129 93 1.0
129 273 1.0
129 401 1.0
129 532 1.0
129 629 1.0
130 105 1.0
130 214 1.0
130 365 1.0
130 408 1.0
130 443 1.0
130 712 1.0
130 891 1.0
131 41 1.0
131 169 1.0
131 335 1.0
131 545 1.0
131 798 1.0
132 157 1.0
132 299 1.0
132 485 1.0
132 611 1.0
132 675 1.0
132 968 1.0
134 12 1.0
134 250 1.0
134 362 1.0
134 403 1.0
134 436 1.0
134 597 1.0
134 672 1.0
135 4 1.0
135 483 1.0
135 599 1.0
135 863 1.0
135 995 1.0
136 220 1.0
136 360 1.0
136 479 1.0
136 613 1.0
136 873 1.0
136 924 1.0
137 17 1.0
137 438 1.0
137 968 1.0
137 973 1.0
138 20 1.0
138 207 1.0
138 256 1.0
138 568 1.0
138 588 1.0
138 660 1.0
138 852 1.0
138 897 1.0
138 915 1.0
139 954 1.0
140 189 1.0
140 662 1.0
141 19 1.0
141 81 1.0
141 261 1.0
141 413 1.0
141 706 1.0
141 740 1.0
142 925 1.0
143 233 1.0
144 216 1.0
144 699 1.0
144 750 1.0
146 285 1.0
146 604 1.0
146 673 1.0
147 86 1.0
147 368 1.0
147 536 1.0
148 26 1.0
148 197 1.0
148 449 1.0
148 625 1.0
148 749 1.0
148 961 1.0
149 12 1.0
149 443 1.0
149 450 1.0
149 623 1.0
149 840 1.0
150 15 1.0
150 262 1.0
150 768 1.0
151 898 1.0
152 12 1.0
152 211 1.0
152 409 1.0
152 430 1.0
152 450 1.0
152 867 1.0
152 887 1.0
152 1019 1.0
153 46 1.0
153 237 1.0
154 48 1.0
154 101 1.0
154 327 1.0
154 891 1.0
154 998 1.0
154 1004 1.0
155 14 1.0
155 314 1.0
155 860 1.0
156 352 1.0
156 405 1.0
156 903 1.0
157 299 1.0
157 602 1.0
157 611 1.0
157 968 1.0
158 71 1.0
158 167 1.0
158 280 1.0
158 476 1.0
158 496 1.0
158 566 1.0
159 125 1.0
159 675 1.0
160 290 1.0
160 598 1.0
160 676 1.0
160 1000 1.0
161 222 1.0
161 487 1.0
161 943 1.0
162 338 1.0
162 700 1.0
162 826 1.0
163 342 1.0
163 555 1.0
163 777 1.0
164 189 1.0
164 867 1.0
164 903 1.0
165 410 1.0
165 972 1.0
166 58 1.0
166 118 1.0
166 365 1.0
166 378 1.0
166 557 1.0
166 692 1.0
167 102 1.0
167 463 1.0
167 466 1.0
167 770 1.0
168 346 1.0
168 550 1.0
168 930 1.0
169 74 1.0
169 254 1.0
169 486 1.0
169 554 1.0
169 592 1.0
169 637 1.0
169 812 1.0
170 178 1.0
170 209 1.0
170 665 1.0
170 677 1.0
171 78 1.0
171 376 1.0
172 14 1.0
172 816 1.0
172 829 1.0
173 62 1.0
173 298 1.0
173 341 1.0
173 567 1.0
173 779 1.0
173 843 1.0
174 390 1.0
174 417 1.0
174 543 1.0
174 793 1.0
175 760 1.0
175 856 1.0
175 878 1.0
175 1007 1.0
175 1014 1.0
176 255 1.0
176 330 1.0
176 571 1.0
176 767 1.0
177 281 1.0
179 172 1.0
179 557 1.0
180 195 1.0
180 211 1.0
182 148 1.0
182 965 1.0
183 10 1.0
183 188 1.0
183 267 1.0
183 369 1.0
183 392 1.0
183 406 1.0
183 620 1.0
184 274 1.0
184 423 1.0
184 722 1.0
184 743 1.0
184 789 1.0
185 546 1.0
185 777 1.0
186 179 1.0
186 377 1.0
186 893 1.0
187 7 1.0
187 63 1.0
187 230 1.0
187 261 1.0
187 687 1.0
187 952 1.0
188 267 1.0
188 392 1.0
188 412 1.0
188 620 1.0
188 816 1.0
188 921 1.0
189 493 1.0
189 626 1.0
189 744 1.0
190 9 1.0
190 147 1.0
190 539 1.0
190 578 1.0
190 865 1.0
191 156 1.0
191 352 1.0
191 906 1.0
192 389 1.0
193 583 1.0
193 599 1.0
193 690 1.0
193 983 1.0
194 103 1.0
194 388 1.0
194 472 1.0
195 803 1.0
195 1006 1.0
196 46 1.0
196 110 1.0
197 182 1.0
197 814 1.0
197 945 1.0
198 26 1.0
198 148 1.0
198 528 1.0
198 749 1.0
198 961 1.0
199 193 1.0
200 464 1.0
200 540 1.0
200 701 1.0
200 712 1.0
201 55 1.0
201 300 1.0
201 569 1.0
201 644 1.0
201 670 1.0
202 389 1.0
202 989 1.0
203 253 1.0
203 286 1.0
203 435 1.0
203 548 1.0
203 782 1.0
204 372 1.0
204 403 1.0
204 514 1.0
205 247 1.0
205 389 1.0
205 552 1.0
205 598 1.0
205 984 1.0
205 989 1.0
206 943 1.0
207 588 1.0
207 600 1.0
207 948 1.0
208 105 1.0
208 202 1.0
208 385 1.0
208 387 1.0
208 733 1.0
208 914 1.0
209 264 1.0
209 361 1.0
209 858 1.0
209 939 1.0
210 271 1.0
210 762 1.0
210 910 1.0
211 195 1.0
211 430 1.0
211 867 1.0
211 1019 1.0
212 35 1.0
212 83 1.0
212 175 1.0
212 289 1.0
212 457 1.0
212 1014 1.0
213 25 1.0
213 64 1.0
213 866 1.0
213 929 1.0
214 105 1.0
214 177 1.0
214 278 1.0
214 712 1.0
214 891 1.0
214 1001 1.0
216 203 1.0
216 435 1.0
217 185 1.0
217 546 1.0
218 164 1.0
218 419 1.0
218 492 1.0
218 867 1.0
218 1018 1.0
219 93 1.0
219 199 1.0
220 67 1.0
220 786 1.0
220 883 1.0
221 44 1.0
221 134 1.0
221 250 1.0
221 362 1.0
221 436 1.0
221 621 1.0
221 884 1.0
221 1016 1.0
222 124 1.0
222 144 1.0
222 487 1.0
222 987 1.0
223 109 1.0
223 140 1.0
224 163 1.0
224 555 1.0
224 777 1.0
224 803 1.0
225 164 1.0
225 484 1.0
225 493 1.0
225 828 1.0
225 903 1.0
225 1007 1.0
226 77 1.0
226 795 1.0
226 932 1.0
227 270 1.0
227 990 1.0
228 5 1.0
228 185 1.0
228 777 1.0
229 426 1.0
229 506 1.0
229 567 1.0
230 63 1.0
230 589 1.0
230 933 1.0
231 559 1.0
231 595 1.0
231 613 1.0
231 622 1.0
231 823 1.0
231 827 1.0
231 861 1.0
233 112 1.0
233 131 1.0
233 317 1.0
233 334 1.0
233 335 1.0
234 13 1.0
234 251 1.0
235 564 1.0
236 230 1.0
236 244 1.0
236 429 1.0
236 690 1.0
236 776 1.0
237 73 1.0
237 305 1.0
237 703 1.0
238 160 1.0
238 192 1.0
238 886 1.0
240 52 1.0
240 283 1.0
240 315 1.0
240 371 1.0
240 407 1.0
240 625 1.0
240 949 1.0
240 996 1.0
241 248 1.0
241 279 1.0
241 309 1.0
241 315 1.0
241 518 1.0
241 545 1.0
241 576 1.0
241 676 1.0
241 705 1.0
241 764 1.0
241 911 1.0
241 941 1.0
241 1021 1.0
242 44 1.0
242 375 1.0
243 24 1.0
243 82 1.0
243 704 1.0
243 744 1.0
243 999 1.0
244 343 1.0
244 611 1.0
244 690 1.0
244 956 1.0
245 6 1.0
245 30 1.0
245 71 1.0
245 552 1.0
245 972 1.0
246 383 1.0
246 909 1.0
247 133 1.0
247 299 1.0
247 320 1.0
247 488 1.0
247 627 1.0
248 133 1.0
248 627 1.0
248 941 1.0
248 1021 1.0
249 96 1.0
249 490 1.0
249 637 1.0
249 840 1.0
250 362 1.0
250 621 1.0
250 833 1.0
251 29 1.0
251 81 1.0
251 257 1.0
252 802 1.0
252 906 1.0
253 284 1.0
253 782 1.0
253 906 1.0
254 554 1.0
254 592 1.0
255 6 1.0
255 56 1.0
256 27 1.0
256 272 1.0
256 641 1.0
256 830 1.0
257 234 1.0
257 537 1.0
258 356 1.0
258 503 1.0
258 1009 1.0
259 181 1.0
259 494 1.0
260 98 1.0
260 154 1.0
260 326 1.0
260 376 1.0
260 523 1.0
260 747 1.0
261 364 1.0
261 687 1.0
261 740 1.0
261 912 1.0
261 915 1.0
261 971 1.0
262 15 1.0
262 276 1.0
262 517 1.0
262 983 1.0
264 197 1.0
264 1012 1.0
265 13 1.0
265 464 1.0
266 821 1.0
267 206 1.0
267 392 1.0
268 438 1.0
268 471 1.0
269 69 1.0
270 32 1.0
270 516 1.0
270 738 1.0
270 825 1.0
272 138 1.0
272 897 1.0
273 97 1.0
273 512 1.0
273 765 1.0
274 3 1.0
274 423 1.0
274 996 1.0
275 166 1.0
275 680 1.0
275 730 1.0
276 150 1.0
276 256 1.0
276 638 1.0
276 674 1.0
276 768 1.0
276 830 1.0
277 359 1.0
277 551 1.0
277 589 1.0
277 631 1.0
278 408 1.0
278 1001 1.0
279 95 1.0
279 248 1.0
279 518 1.0
280 4 1.0
280 71 1.0
280 584 1.0
280 1013 1.0
281 404 1.0
281 484 1.0
281 812 1.0
281 889 1.0
281 935 1.0
281 940 1.0
282 144 1.0
282 157 1.0
282 699 1.0
282 750 1.0
283 52 1.0
283 551 1.0
283 555 1.0
284 322 1.0
284 335 1.0
284 497 1.0
284 906 1.0
285 49 1.0
285 570 1.0
285 833 1.0
286 146 1.0
286 666 1.0
286 736 1.0
286 852 1.0
287 217 1.0
287 546 1.0
287 714 1.0
287 817 1.0
288 26 1.0
288 613 1.0
288 803 1.0
289 792 1.0
289 814 1.0
289 989 1.0
290 321 1.0
290 582 1.0
291 153 1.0
291 500 1.0
291 794 1.0
292 82 1.0
292 263 1.0
292 501 1.0
292 709 1.0
293 15 1.0
293 405 1.0
293 541 1.0
293 720 1.0
294 232 1.0
294 328 1.0
294 538 1.0
296 446 1.0
296 642 1.0
296 955 1.0
297 680 1.0
298 62 1.0
298 328 1.0
298 341 1.0
298 453 1.0
298 763 1.0
298 779 1.0
299 546 1.0
299 781 1.0
299 852 1.0
299 952 1.0
299 960 1.0
300 569 1.0
300 863 1.0
301 466 1.0
301 586 1.0
302 709 1.0
302 905 1.0
303 280 1.0
303 507 1.0
303 590 1.0
304 22 1.0
305 192 1.0
306 202 1.0
306 992 1.0
307 596 1.0
308 248 1.0
308 411 1.0
309 248 1.0
309 279 1.0
309 315 1.0
309 576 1.0
309 843 1.0
309 911 1.0
309 1021 1.0
310 136 1.0
310 262 1.0
310 360 1.0
310 475 1.0
310 479 1.0
311 478 1.0
311 590 1.0
311 634 1.0
311 933 1.0
312 139 1.0
312 838 1.0
313 47 1.0
313 924 1.0
314 14 1.0
314 223 1.0
314 338 1.0
314 425 1.0
314 735 1.0
315 279 1.0
315 325 1.0
315 371 1.0
315 769 1.0
315 941 1.0
315 1001 1.0
315 1021 1.0
316 222 1.0
316 379 1.0
316 725 1.0
316 796 1.0
317 201 1.0
317 335 1.0
318 17 1.0
318 494 1.0
320 68 1.0
320 618 1.0
320 788 1.0
321 28 1.0
321 127 1.0
321 783 1.0
322 655 1.0
322 734 1.0
322 845 1.0
323 41 1.0
323 131 1.0
323 523 1.0
324 163 1.0
325 457 1.0
325 504 1.0
325 953 1.0
325 961 1.0
326 834 1.0
327 101 1.0
327 105 1.0
327 130 1.0
327 350 1.0
327 480 1.0
327 537 1.0
327 578 1.0
327 712 1.0
328 232 1.0
328 538 1.0
328 904 1.0
329 165 1.0
329 391 1.0
329 559 1.0
329 930 1.0
330 390 1.0
330 571 1.0
330 580 1.0
330 973 1.0
331 50 1.0
331 138 1.0
331 272 1.0
331 568 1.0
331 758 1.0
333 163 1.0
333 324 1.0
333 646 1.0
333 647 1.0
333 756 1.0
334 143 1.0
334 274 1.0
334 651 1.0
335 368 1.0
335 707 1.0
335 787 1.0
336 691 1.0
336 931 1.0
336 985 1.0
337 168 1.0
337 425 1.0
337 828 1.0
337 1010 1.0
338 33 1.0
338 155 1.0
338 760 1.0
339 560 1.0
339 889 1.0
340 106 1.0
340 204 1.0
340 514 1.0
340 737 1.0
340 748 1.0
340 965 1.0
341 567 1.0
341 716 1.0
341 779 1.0
341 871 1.0
341 912 1.0
342 777 1.0
343 120 1.0
343 841 1.0
344 281 1.0
344 491 1.0
344 513 1.0
344 519 1.0
344 935 1.0
345 219 1.0
345 914 1.0
346 18 1.0
346 550 1.0
348 7 1.0
348 90 1.0
348 187 1.0
348 261 1.0
348 464 1.0
348 687 1.0
348 821 1.0
348 917 1.0
349 361 1.0
349 991 1.0
350 130 1.0
350 214 1.0
350 733 1.0
350 891 1.0
350 942 1.0
351 146 1.0
351 181 1.0
351 527 1.0
351 604 1.0
351 619 1.0
351 673 1.0
352 285 1.0
353 40 1.0
353 111 1.0
353 227 1.0
353 386 1.0
354 396 1.0
354 606 1.0
355 115 1.0
355 297 1.0
355 499 1.0
355 542 1.0
356 133 1.0
356 528 1.0
356 995 1.0
357 42 1.0
357 145 1.0
357 174 1.0
357 383 1.0
358 0 1.0
358 479 1.0
358 641 1.0
359 131 1.0
359 978 1.0
360 594 1.0
360 892 1.0
360 1008 1.0
361 991 1.0
362 621 1.0
362 833 1.0
362 884 1.0
362 949 1.0
363 20 1.0
363 258 1.0
363 646 1.0
364 95 1.0
364 96 1.0
364 141 1.0
364 249 1.0
364 490 1.0
364 637 1.0
364 740 1.0
364 882 1.0
365 406 1.0
365 574 1.0
365 631 1.0
365 846 1.0
366 90 1.0
366 794 1.0
368 33 1.0
368 233 1.0
368 452 1.0
368 646 1.0
369 188 1.0
369 620 1.0
370 37 1.0
370 147 1.0
370 897 1.0
370 901 1.0
371 325 1.0
371 407 1.0
371 769 1.0
372 308 1.0
372 319 1.0
372 412 1.0
372 753 1.0
373 615 1.0
374 51 1.0
374 298 1.0
374 572 1.0
374 737 1.0
374 763 1.0
374 790 1.0
374 871 1.0
375 72 1.0
375 306 1.0
375 728 1.0
375 809 1.0
375 954 1.0
375 992 1.0
376 98 1.0
376 109 1.0
376 751 1.0
377 96 1.0
377 167 1.0
377 179 1.0
377 477 1.0
377 709 1.0
377 1008 1.0
378 118 1.0
378 209 1.0
378 614 1.0
378 858 1.0
379 773 1.0
380 304 1.0
380 309 1.0
380 802 1.0
381 312 1.0
381 838 1.0
382 375 1.0
382 526 1.0
382 535 1.0
382 728 1.0
382 964 1.0
383 653 1.0
383 758 1.0
384 76 1.0
384 859 1.0
385 202 1.0
385 804 1.0
386 40 1.0
386 275 1.0
386 680 1.0
386 1017 1.0
387 104 1.0
387 105 1.0
387 367 1.0
387 722 1.0
387 733 1.0
388 88 1.0
388 661 1.0
388 817 1.0
389 238 1.0
389 247 1.0
389 886 1.0
389 989 1.0
390 1 1.0
390 268 1.0
390 682 1.0
390 873 1.0
391 559 1.0
391 930 1.0
392 369 1.0
392 620 1.0
392 784 1.0
392 816 1.0
392 921 1.0
393 624 1.0
393 743 1.0
394 691 1.0
395 182 1.0
395 418 1.0
395 449 1.0
395 959 1.0
395 965 1.0
395 981 1.0
396 355 1.0
396 630 1.0
396 743 1.0
397 178 1.0
397 909 1.0
397 945 1.0
397 1017 1.0
398 536 1.0
398 840 1.0
398 918 1.0
399 185 1.0
399 228 1.0
399 777 1.0
400 8 1.0
400 254 1.0
400 342 1.0
400 420 1.0
400 638 1.0
400 857 1.0
401 364 1.0
401 629 1.0
401 740 1.0
402 614 1.0
403 414 1.0
403 672 1.0
404 301 1.0
404 344 1.0
404 468 1.0
405 254 1.0
405 278 1.0
405 528 1.0
405 554 1.0
405 812 1.0
406 291 1.0
406 369 1.0
406 500 1.0
406 574 1.0
408 214 1.0
408 553 1.0
408 712 1.0
408 1001 1.0
409 380 1.0
409 590 1.0
409 787 1.0
409 941 1.0
410 649 1.0
410 776 1.0
411 8 1.0
411 22 1.0
411 523 1.0
412 392 1.0
412 600 1.0
412 921 1.0
412 960 1.0
413 426 1.0
414 101 1.0
414 204 1.0
414 549 1.0
414 985 1.0
414 1020 1.0
415 157 1.0
415 428 1.0
415 635 1.0
416 75 1.0
416 91 1.0
416 143 1.0
416 151 1.0
417 487 1.0
417 663 1.0
417 739 1.0
417 877 1.0
417 964 1.0
418 77 1.0
418 827 1.0
418 931 1.0
418 955 1.0
418 1012 1.0
419 244 1.0
419 575 1.0
419 685 1.0
420 8 1.0
420 195 1.0
420 254 1.0
420 684 1.0
422 489 1.0
423 513 1.0
423 702 1.0
424 3 1.0
424 348 1.0
424 821 1.0
425 109 1.0
425 683 1.0
425 693 1.0
425 696 1.0
425 826 1.0
427 361 1.0
427 977 1.0
428 201 1.0
428 317 1.0
428 602 1.0
428 607 1.0
428 984 1.0
429 56 1.0
429 230 1.0
429 848 1.0
429 881 1.0
430 697 1.0
430 1019 1.0
431 127 1.0
431 290 1.0
432 275 1.0
432 326 1.0
432 537 1.0
432 735 1.0
433 729 1.0
433 808 1.0
434 534 1.0
434 561 1.0
435 640 1.0
436 250 1.0
436 362 1.0
436 621 1.0
436 860 1.0
437 601 1.0
437 631 1.0
437 801 1.0
438 471 1.0
439 216 1.0
439 593 1.0
439 806 1.0
440 89 1.0
440 793 1.0
441 423 1.0
441 497 1.0
441 513 1.0
441 610 1.0
441 679 1.0
441 702 1.0
441 901 1.0
442 69 1.0
443 48 1.0
443 154 1.0
443 198 1.0
443 327 1.0
443 350 1.0
443 741 1.0
443 891 1.0
444 59 1.0
444 843 1.0
444 913 1.0
445 322 1.0
445 951 1.0
446 263 1.0
446 472 1.0
446 955 1.0
447 38 1.0
447 150 1.0
447 615 1.0
448 462 1.0
448 539 1.0
449 182 1.0
449 197 1.0
449 653 1.0
449 959 1.0
450 7 1.0
450 12 1.0
450 203 1.0
450 409 1.0
450 590 1.0
450 623 1.0
450 945 1.0
451 54 1.0
451 159 1.0
452 147 1.0
452 190 1.0
452 787 1.0
452 865 1.0
453 775 1.0
453 790 1.0
454 220 1.0
454 925 1.0
454 969 1.0
455 77 1.0
455 119 1.0
455 226 1.0
455 265 1.0
456 0 1.0
456 116 1.0
456 193 1.0
456 358 1.0
456 479 1.0
456 514 1.0
456 690 1.0
456 989 1.0
457 372 1.0
457 412 1.0
457 907 1.0
458 39 1.0
459 45 1.0
459 439 1.0
459 707 1.0
459 750 1.0
459 824 1.0
459 831 1.0
460 240 1.0
460 371 1.0
460 407 1.0
460 625 1.0
460 798 1.0
460 822 1.0
460 1021 1.0
461 67 1.0
461 353 1.0
461 468 1.0
461 669 1.0
462 648 1.0
463 19 1.0
463 128 1.0
463 232 1.0
463 466 1.0
463 603 1.0
463 770 1.0
463 1008 1.0
464 187 1.0
464 667 1.0
464 687 1.0
464 701 1.0
465 151 1.0
465 511 1.0
465 654 1.0
465 994 1.0
466 469 1.0
466 592 1.0
466 923 1.0
467 146 1.0
467 286 1.0
467 958 1.0
468 919 1.0
469 54 1.0
469 167 1.0
469 463 1.0
469 478 1.0
469 770 1.0
470 67 1.0
470 295 1.0
470 727 1.0
471 562 1.0
472 64 1.0
472 103 1.0
472 895 1.0
472 955 1.0
473 56 1.0
474 125 1.0
474 253 1.0
474 368 1.0
474 920 1.0
475 769 1.0
475 880 1.0
476 167 1.0
476 280 1.0
476 1013 1.0
477 102 1.0
477 179 1.0
477 186 1.0
477 540 1.0
477 592 1.0
477 708 1.0
478 592 1.0
479 0 1.0
479 506 1.0
479 873 1.0
480 48 1.0
480 101 1.0
480 154 1.0
480 160 1.0
480 238 1.0
480 443 1.0
480 880 1.0
480 891 1.0
480 1000 1.0
481 419 1.0
481 742 1.0
481 819 1.0
482 773 1.0
483 271 1.0
483 656 1.0
484 58 1.0
484 636 1.0
484 889 1.0
485 228 1.0
485 760 1.0
485 783 1.0
486 159 1.0
486 254 1.0
486 547 1.0
486 554 1.0
486 592 1.0
486 637 1.0
486 997 1.0
487 124 1.0
487 663 1.0
488 320 1.0
488 533 1.0
488 658 1.0
488 840 1.0
489 158 1.0
489 496 1.0
489 765 1.0
490 42 1.0
490 96 1.0
490 289 1.0
490 587 1.0
490 732 1.0
490 793 1.0
491 215 1.0
491 404 1.0
491 580 1.0
491 706 1.0
492 685 1.0
493 72 1.0
493 164 1.0
493 183 1.0
494 181 1.0
494 345 1.0
495 1 1.0
495 421 1.0
495 636 1.0
495 721 1.0
496 1 1.0
496 390 1.0
497 417 1.0
497 423 1.0
497 487 1.0
497 663 1.0
497 671 1.0
498 281 1.0
498 431 1.0
498 484 1.0
499 542 1.0
500 271 1.0
500 570 1.0
500 794 1.0
500 959 1.0
501 85 1.0
501 810 1.0
501 898 1.0
502 885 1.0
502 898 1.0
502 1022 1.0
503 109 1.0
503 293 1.0
503 356 1.0
503 528 1.0
503 541 1.0
503 590 1.0
504 585 1.0
504 822 1.0
505 381 1.0
505 531 1.0
505 815 1.0
506 92 1.0
506 533 1.0
506 634 1.0
506 767 1.0
508 110 1.0
508 343 1.0
509 67 1.0
509 117 1.0
509 145 1.0
509 470 1.0
509 574 1.0
510 241 1.0
510 282 1.0
510 619 1.0
510 764 1.0
511 278 1.0
511 654 1.0
511 942 1.0
513 281 1.0
513 284 1.0
513 322 1.0
513 404 1.0
513 491 1.0
513 497 1.0
513 797 1.0
514 193 1.0
514 575 1.0
514 748 1.0
515 3 1.0
515 424 1.0
515 536 1.0
515 688 1.0
515 821 1.0
516 825 1.0
516 982 1.0
517 19 1.0
517 684 1.0
517 846 1.0
517 864 1.0
518 95 1.0
518 248 1.0
518 309 1.0
518 315 1.0
518 576 1.0
518 1021 1.0
519 909 1.0
520 201 1.0
520 224 1.0
520 1020 1.0
521 213 1.0
521 721 1.0
521 726 1.0
523 39 1.0
523 818 1.0
524 292 1.0
524 395 1.0
524 418 1.0
524 931 1.0
525 246 1.0
525 387 1.0
525 795 1.0
526 474 1.0
526 535 1.0
527 628 1.0
527 632 1.0
528 749 1.0
528 759 1.0
528 961 1.0
528 1009 1.0
529 549 1.0
529 745 1.0
530 252 1.0
530 698 1.0
530 751 1.0
530 802 1.0
531 639 1.0
531 999 1.0
532 93 1.0
532 686 1.0
533 658 1.0
534 561 1.0
534 899 1.0
535 410 1.0
535 445 1.0
535 649 1.0
535 877 1.0
535 951 1.0
536 33 1.0
536 368 1.0
536 452 1.0
536 865 1.0
537 799 1.0
538 453 1.0
538 686 1.0
539 447 1.0
539 462 1.0
539 648 1.0
540 102 1.0
540 123 1.0
541 731 1.0
541 749 1.0
541 1016 1.0
542 115 1.0
542 332 1.0
543 793 1.0
543 890 1.0
544 91 1.0
544 143 1.0
545 41 1.0
545 94 1.0
545 315 1.0
545 323 1.0
545 359 1.0
545 705 1.0
545 798 1.0
545 934 1.0
546 556 1.0
546 781 1.0
546 952 1.0
548 286 1.0
548 517 1.0
548 666 1.0
549 628 1.0
550 18 1.0
550 754 1.0
551 724 1.0
551 885 1.0
551 937 1.0
552 102 1.0
552 987 1.0
553 20 1.0
553 258 1.0
553 363 1.0
553 646 1.0
553 780 1.0
554 17 1.0
554 137 1.0
554 156 1.0
554 604 1.0
554 673 1.0
554 968 1.0
554 973 1.0
555 230 1.0
555 277 1.0
555 363 1.0
555 646 1.0
555 777 1.0
556 547 1.0
557 58 1.0
557 172 1.0
557 196 1.0
557 678 1.0
557 692 1.0
557 911 1.0
558 560 1.0
558 620 1.0
558 889 1.0
558 975 1.0
559 595 1.0
559 827 1.0
560 568 1.0
560 706 1.0
560 719 1.0
560 770 1.0
560 772 1.0
561 510 1.0
561 855 1.0
561 1020 1.0
562 268 1.0
562 926 1.0
563 22 1.0
563 304 1.0
563 326 1.0
563 432 1.0
563 565 1.0
563 834 1.0
564 116 1.0
564 193 1.0
564 445 1.0
564 456 1.0
564 514 1.0
564 535 1.0
564 983 1.0
565 561 1.0
566 422 1.0
566 489 1.0
566 496 1.0
566 603 1.0
566 625 1.0
566 985 1.0
567 650 1.0
567 665 1.0
567 716 1.0
568 272 1.0
568 1015 1.0
569 55 1.0
569 204 1.0
569 380 1.0
569 863 1.0
570 146 1.0
570 286 1.0
570 365 1.0
570 406 1.0
570 467 1.0
570 574 1.0
570 833 1.0
571 86 1.0
571 121 1.0
572 524 1.0
572 688 1.0
572 871 1.0
573 581 1.0
573 692 1.0
574 470 1.0
574 769 1.0
574 846 1.0
574 976 1.0
575 193 1.0
575 963 1.0
576 248 1.0
576 279 1.0
576 315 1.0
576 705 1.0
576 911 1.0
577 204 1.0
577 403 1.0
577 414 1.0
578 147 1.0
578 393 1.0
578 543 1.0
579 274 1.0
579 334 1.0
579 347 1.0
579 622 1.0
579 736 1.0
580 543 1.0
580 561 1.0
580 706 1.0
580 855 1.0
581 123 1.0
582 160 1.0
582 329 1.0
583 235 1.0
583 456 1.0
583 514 1.0
583 564 1.0
583 690 1.0
584 273 1.0
584 489 1.0
584 685 1.0
584 765 1.0
585 255 1.0
586 96 1.0
586 986 1.0
587 96 1.0
587 249 1.0
587 364 1.0
587 690 1.0
587 732 1.0
588 20 1.0
588 761 1.0
588 970 1.0
589 524 1.0
589 555 1.0
589 724 1.0
590 152 1.0
590 507 1.0
591 200 1.0
591 712 1.0
592 167 1.0
592 186 1.0
592 377 1.0
592 476 1.0
592 637 1.0
593 538 1.0
594 46 1.0
594 521 1.0
594 726 1.0
594 874 1.0
594 1008 1.0
595 947 1.0
596 519 1.0
596 534 1.0
597 436 1.0
599 199 1.0
599 722 1.0
599 845 1.0
599 995 1.0
600 185 1.0
600 457 1.0
600 845 1.0
600 869 1.0
601 180 1.0
601 631 1.0
602 415 1.0
602 448 1.0
603 232 1.0
603 414 1.0
603 625 1.0
603 674 1.0
604 249 1.0
604 673 1.0
604 973 1.0
605 512 1.0
605 641 1.0
605 851 1.0
605 860 1.0
606 396 1.0
606 502 1.0
607 346 1.0
607 761 1.0
608 7 1.0
608 106 1.0
608 340 1.0
608 450 1.0
608 556 1.0
608 801 1.0
608 822 1.0
609 331 1.0
609 568 1.0
610 190 1.0
610 993 1.0
611 299 1.0
611 690 1.0
611 968 1.0
612 142 1.0
612 518 1.0
613 732 1.0
613 854 1.0
613 861 1.0
614 243 1.0
614 624 1.0
614 850 1.0
615 768 1.0
615 928 1.0
616 227 1.0
616 327 1.0
616 398 1.0
617 133 1.0
617 250 1.0
617 839 1.0
618 302 1.0
618 794 1.0
618 862 1.0
618 888 1.0
618 905 1.0
618 991 1.0
619 527 1.0
619 563 1.0
620 267 1.0
620 406 1.0
620 560 1.0
621 44 1.0
621 134 1.0
621 223 1.0
621 314 1.0
621 683 1.0
621 833 1.0
621 884 1.0
622 347 1.0
622 559 1.0
622 708 1.0
623 366 1.0
623 550 1.0
624 243 1.0
624 666 1.0
625 371 1.0
625 403 1.0
625 407 1.0
625 414 1.0
625 577 1.0
625 985 1.0
626 493 1.0
626 750 1.0
626 847 1.0
627 133 1.0
628 182 1.0
628 644 1.0
628 756 1.0
628 842 1.0
628 981 1.0
629 239 1.0
629 311 1.0
630 2 1.0
630 783 1.0
630 1002 1.0
630 1016 1.0
631 130 1.0
631 359 1.0
631 444 1.0
631 978 1.0
633 433 1.0
633 473 1.0
633 742 1.0
633 872 1.0
633 963 1.0
634 92 1.0
634 481 1.0
634 767 1.0
634 902 1.0
635 92 1.0
635 530 1.0
635 751 1.0
635 902 1.0
636 225 1.0
637 2 1.0
637 96 1.0
637 554 1.0
637 732 1.0
637 882 1.0
638 125 1.0
638 322 1.0
638 674 1.0
638 857 1.0
639 88 1.0
639 918 1.0
639 950 1.0
639 999 1.0
640 262 1.0
640 310 1.0
640 896 1.0
641 860 1.0
642 597 1.0
642 955 1.0
643 972 1.0
644 55 1.0
644 300 1.0
644 569 1.0
644 670 1.0
644 863 1.0
645 326 1.0
645 328 1.0
645 399 1.0
645 531 1.0
645 818 1.0
646 20 1.0
646 112 1.0
647 28 1.0
647 87 1.0
647 753 1.0
647 1010 1.0
650 25 1.0
650 113 1.0
650 119 1.0
650 122 1.0
650 229 1.0
650 665 1.0
651 327 1.0
651 393 1.0
651 578 1.0
651 579 1.0
651 616 1.0
652 235 1.0
652 535 1.0
652 564 1.0
652 583 1.0
652 630 1.0
652 661 1.0
652 881 1.0
653 246 1.0
654 573 1.0
654 692 1.0
655 426 1.0
655 445 1.0
655 764 1.0
656 112 1.0
656 175 1.0
656 212 1.0
656 824 1.0
657 289 1.0
657 591 1.0
657 778 1.0
657 792 1.0
657 945 1.0
658 188 1.0
658 392 1.0
659 669 1.0
660 9 1.0
660 20 1.0
660 269 1.0
660 588 1.0
660 917 1.0
661 413 1.0
661 562 1.0
661 583 1.0
661 817 1.0
661 857 1.0
662 69 1.0
662 269 1.0
662 660 1.0
662 730 1.0
662 799 1.0
663 289 1.0
663 657 1.0
663 814 1.0
663 945 1.0
664 598 1.0
664 720 1.0
664 793 1.0
665 229 1.0
666 203 1.0
666 243 1.0
666 614 1.0
666 834 1.0
667 262 1.0
667 517 1.0
668 266 1.0
668 426 1.0
668 655 1.0
669 398 1.0
670 22 1.0
670 300 1.0
670 411 1.0
670 523 1.0
670 569 1.0
671 209 1.0
671 616 1.0
671 858 1.0
672 12 1.0
672 227 1.0
672 616 1.0
672 832 1.0
673 711 1.0
674 232 1.0
674 262 1.0
674 322 1.0
674 397 1.0
674 463 1.0
675 381 1.0
675 916 1.0
676 290 1.0
676 582 1.0
676 598 1.0
677 120 1.0
677 178 1.0
677 343 1.0
677 508 1.0
677 613 1.0
677 732 1.0
677 956 1.0
678 32 1.0
678 196 1.0
678 516 1.0
678 971 1.0
679 321 1.0
679 423 1.0
679 513 1.0
679 577 1.0
679 702 1.0
680 355 1.0
680 453 1.0
681 14 1.0
681 723 1.0
681 780 1.0
681 813 1.0
681 939 1.0
682 394 1.0
682 496 1.0
682 691 1.0
683 27 1.0
683 109 1.0
683 223 1.0
683 256 1.0
683 314 1.0
683 507 1.0
684 179 1.0
684 223 1.0
684 262 1.0
684 739 1.0
684 896 1.0
685 218 1.0
685 273 1.0
686 226 1.0
686 438 1.0
686 795 1.0
686 969 1.0
688 33 1.0
688 499 1.0
688 811 1.0
689 745 1.0
690 116 1.0
690 230 1.0
690 514 1.0
690 564 1.0
691 259 1.0
691 797 1.0
692 343 1.0
692 911 1.0
693 550 1.0
694 99 1.0
694 636 1.0
694 697 1.0
694 758 1.0
694 946 1.0
695 105 1.0
695 191 1.0
695 918 1.0
695 999 1.0
696 337 1.0
696 826 1.0
697 211 1.0
697 505 1.0
697 772 1.0
698 87 1.0
698 111 1.0
698 635 1.0
699 79 1.0
699 528 1.0
699 750 1.0
699 963 1.0
700 338 1.0
700 391 1.0
700 522 1.0
700 938 1.0
701 106 1.0
701 507 1.0
701 540 1.0
703 344 1.0
704 744 1.0
705 309 1.0
705 315 1.0
705 518 1.0
706 413 1.0
706 568 1.0
706 770 1.0
706 772 1.0
706 924 1.0
707 88 1.0
707 750 1.0
708 231 1.0
708 312 1.0
708 823 1.0
708 1020 1.0
709 96 1.0
709 121 1.0
709 965 1.0
710 750 1.0
710 977 1.0
710 1005 1.0
710 1009 1.0
711 146 1.0
711 279 1.0
712 443 1.0
712 745 1.0
712 801 1.0
712 891 1.0
712 1001 1.0
713 174 1.0
713 417 1.0
713 595 1.0
713 739 1.0
713 798 1.0
713 947 1.0
714 91 1.0
714 135 1.0
714 483 1.0
715 261 1.0
715 279 1.0
715 806 1.0
715 836 1.0
715 912 1.0
716 106 1.0
716 142 1.0
716 173 1.0
716 612 1.0
717 319 1.0
717 372 1.0
717 458 1.0
717 922 1.0
718 1 1.0
718 231 1.0
718 268 1.0
718 914 1.0
719 556 1.0
719 608 1.0
719 770 1.0
720 575 1.0
721 225 1.0
721 868 1.0
722 80 1.0
722 598 1.0
722 664 1.0
722 789 1.0
722 995 1.0
724 174 1.0
724 277 1.0
724 784 1.0
725 113 1.0
725 418 1.0
725 650 1.0
725 1012 1.0
726 232 1.0
726 397 1.0
726 674 1.0
726 969 1.0
726 1017 1.0
727 295 1.0
727 326 1.0
727 432 1.0
727 437 1.0
727 735 1.0
727 828 1.0
728 71 1.0
728 72 1.0
728 94 1.0
729 519 1.0
729 909 1.0
730 269 1.0
730 386 1.0
730 660 1.0
730 680 1.0
731 749 1.0
731 946 1.0
732 120 1.0
732 249 1.0
732 861 1.0
732 956 1.0
733 103 1.0
733 105 1.0
733 351 1.0
733 527 1.0
733 619 1.0
734 445 1.0
734 458 1.0
734 655 1.0
734 845 1.0
735 326 1.0
735 563 1.0
736 347 1.0
736 622 1.0
736 852 1.0
737 514 1.0
737 572 1.0
737 900 1.0
739 174 1.0
739 179 1.0
739 724 1.0
739 975 1.0
740 95 1.0
740 279 1.0
740 911 1.0
740 941 1.0
741 130 1.0
741 214 1.0
741 327 1.0
741 350 1.0
741 733 1.0
741 1001 1.0
742 59 1.0
742 419 1.0
742 575 1.0
742 819 1.0
743 26 1.0
743 274 1.0
743 288 1.0
743 355 1.0
743 423 1.0
743 630 1.0
743 996 1.0
744 261 1.0
744 511 1.0
744 740 1.0
745 200 1.0
745 502 1.0
745 884 1.0
746 360 1.0
746 594 1.0
746 874 1.0
746 916 1.0
746 1008 1.0
748 472 1.0
748 737 1.0
748 819 1.0
748 846 1.0
749 26 1.0
749 126 1.0
749 946 1.0
750 45 1.0
751 78 1.0
751 87 1.0
751 171 1.0
751 698 1.0
751 899 1.0
752 696 1.0
752 910 1.0
753 319 1.0
753 333 1.0
753 952 1.0
753 969 1.0
754 168 1.0
754 200 1.0
754 346 1.0
754 745 1.0
754 884 1.0
755 418 1.0
756 87 1.0
756 529 1.0
756 549 1.0
756 644 1.0
756 647 1.0
756 753 1.0
757 438 1.0
758 6 1.0
758 99 1.0
758 653 1.0
759 26 1.0
759 148 1.0
759 198 1.0
759 609 1.0
759 749 1.0
759 961 1.0
760 878 1.0
760 990 1.0
760 1007 1.0
761 20 1.0
761 138 1.0
761 346 1.0
761 402 1.0
761 660 1.0
763 135 1.0
764 282 1.0
764 426 1.0
766 371 1.0
766 741 1.0
766 853 1.0
767 53 1.0
767 64 1.0
767 92 1.0
767 311 1.0
767 478 1.0
767 844 1.0
768 15 1.0
768 38 1.0
768 214 1.0
768 447 1.0
769 65 1.0
769 240 1.0
769 325 1.0
769 365 1.0
769 625 1.0
770 280 1.0
770 466 1.0
770 476 1.0
770 895 1.0
770 1013 1.0
771 47 1.0
771 313 1.0
771 605 1.0
771 782 1.0
771 924 1.0
772 505 1.0
772 568 1.0
772 976 1.0
773 796 1.0
773 852 1.0
773 897 1.0
773 956 1.0
774 297 1.0
774 355 1.0
774 673 1.0
774 680 1.0
775 298 1.0
775 328 1.0
775 538 1.0
775 790 1.0
775 913 1.0
776 230 1.0
776 244 1.0
776 649 1.0
777 5 1.0
778 373 1.0
779 16 1.0
779 121 1.0
779 709 1.0
779 806 1.0
779 965 1.0
779 993 1.0
779 1019 1.0
780 363 1.0
780 555 1.0
780 646 1.0
780 723 1.0
780 803 1.0
780 813 1.0
781 476 1.0
781 852 1.0
782 286 1.0
782 307 1.0
782 500 1.0
783 28 1.0
783 132 1.0
783 652 1.0
783 868 1.0
784 117 1.0
784 412 1.0
784 467 1.0
784 524 1.0
784 589 1.0
785 38 1.0
785 150 1.0
785 447 1.0
785 768 1.0
786 234 1.0
786 850 1.0
787 88 1.0
787 707 1.0
787 950 1.0
788 931 1.0
789 263 1.0
789 352 1.0
790 298 1.0
790 336 1.0
791 293 1.0
791 437 1.0
792 222 1.0
792 316 1.0
792 663 1.0
792 987 1.0
792 1014 1.0
793 35 1.0
793 289 1.0
793 720 1.0
793 890 1.0
794 406 1.0
794 991 1.0
795 387 1.0
795 867 1.0
796 139 1.0
796 379 1.0
796 384 1.0
796 820 1.0
796 859 1.0
796 954 1.0
796 1011 1.0
797 344 1.0
797 404 1.0
797 491 1.0
797 730 1.0
797 835 1.0
798 595 1.0
799 140 1.0
800 72 1.0
800 86 1.0
800 375 1.0
800 643 1.0
801 628 1.0
802 309 1.0
803 20 1.0
803 420 1.0
803 555 1.0
803 613 1.0
803 854 1.0
804 57 1.0
804 571 1.0
804 928 1.0
804 944 1.0
805 250 1.0
805 588 1.0
805 761 1.0
805 970 1.0
806 62 1.0
806 173 1.0
806 296 1.0
806 341 1.0
806 912 1.0
807 295 1.0
807 470 1.0
807 727 1.0
809 194 1.0
809 382 1.0
809 728 1.0
810 121 1.0
810 265 1.0
810 292 1.0
810 558 1.0
810 709 1.0
810 925 1.0
811 26 1.0
812 156 1.0
812 254 1.0
812 554 1.0
813 13 1.0
813 234 1.0
813 723 1.0
813 980 1.0
814 90 1.0
814 348 1.0
814 360 1.0
814 657 1.0
814 746 1.0
814 792 1.0
815 697 1.0
815 772 1.0
816 14 1.0
816 408 1.0
816 412 1.0
816 921 1.0
817 473 1.0
817 633 1.0
818 326 1.0
818 745 1.0
818 754 1.0
819 419 1.0
819 808 1.0
819 990 1.0
819 1007 1.0
820 384 1.0
820 859 1.0
821 799 1.0
821 917 1.0
822 325 1.0
822 407 1.0
822 434 1.0
822 1021 1.0
823 288 1.0
823 559 1.0
823 595 1.0
823 622 1.0
824 112 1.0
824 205 1.0
824 389 1.0
825 529 1.0
825 756 1.0
825 999 1.0
826 33 1.0
826 78 1.0
826 721 1.0
826 752 1.0
826 936 1.0
826 981 1.0
827 395 1.0
827 595 1.0
827 622 1.0
827 708 1.0
827 823 1.0
827 931 1.0
828 76 1.0
828 359 1.0
828 437 1.0
828 791 1.0
829 179 1.0
829 186 1.0
829 377 1.0
829 453 1.0
829 477 1.0
829 557 1.0
830 84 1.0
830 988 1.0
831 824 1.0
832 242 1.0
833 134 1.0
833 146 1.0
833 221 1.0
833 436 1.0
833 597 1.0
833 860 1.0
833 900 1.0
834 203 1.0
834 304 1.0
834 432 1.0
834 727 1.0
834 735 1.0
835 144 1.0
835 436 1.0
835 691 1.0
836 261 1.0
836 681 1.0
836 723 1.0
836 806 1.0
837 537 1.0
837 547 1.0
838 1012 1.0
840 247 1.0
840 616 1.0
841 519 1.0
841 593 1.0
841 596 1.0
842 118 1.0
842 119 1.0
842 229 1.0
842 650 1.0
842 801 1.0
843 380 1.0
843 575 1.0
843 802 1.0
843 913 1.0
844 119 1.0
844 176 1.0
845 185 1.0
845 193 1.0
845 445 1.0
845 655 1.0
846 667 1.0
846 684 1.0
846 808 1.0
846 819 1.0
848 56 1.0
848 73 1.0
848 350 1.0
849 155 1.0
849 486 1.0
849 547 1.0
849 860 1.0
851 1 1.0
851 28 1.0
851 321 1.0
851 615 1.0
851 771 1.0
852 482 1.0
852 579 1.0
852 897 1.0
853 190 1.0
853 371 1.0
853 539 1.0
854 113 1.0
854 231 1.0
854 288 1.0
855 81 1.0
855 141 1.0
855 291 1.0
855 413 1.0
855 706 1.0
856 806 1.0
856 878 1.0
856 998 1.0
857 562 1.0
857 926 1.0
858 294 1.0
858 654 1.0
859 78 1.0
859 599 1.0
859 831 1.0
861 804 1.0
862 84 1.0
862 119 1.0
862 320 1.0
862 842 1.0
863 55 1.0
863 201 1.0
863 598 1.0
863 599 1.0
863 664 1.0
863 670 1.0
863 722 1.0
864 223 1.0
864 357 1.0
864 365 1.0
864 574 1.0
864 684 1.0
864 846 1.0
865 33 1.0
865 147 1.0
865 368 1.0
865 515 1.0
865 556 1.0
866 521 1.0
866 879 1.0
867 226 1.0
867 430 1.0
867 932 1.0
868 612 1.0
868 866 1.0
868 879 1.0
869 533 1.0
870 44 1.0
870 56 1.0
870 85 1.0
870 242 1.0
871 532 1.0
871 688 1.0
872 49 1.0
872 398 1.0
872 918 1.0
872 962 1.0
873 65 1.0
873 310 1.0
873 358 1.0
873 360 1.0
874 50 1.0
874 360 1.0
874 1008 1.0
875 635 1.0
875 896 1.0
876 56 1.0
876 165 1.0
876 703 1.0
876 870 1.0
877 382 1.0
877 526 1.0
877 729 1.0
877 815 1.0
877 909 1.0
878 457 1.0
878 990 1.0
879 67 1.0
879 213 1.0
879 461 1.0
879 521 1.0
879 669 1.0
879 721 1.0
879 811 1.0
880 2 1.0
880 769 1.0
880 979 1.0
881 230 1.0
882 4 1.0
882 96 1.0
882 135 1.0
882 249 1.0
882 732 1.0
882 763 1.0
883 252 1.0
883 339 1.0
883 757 1.0
883 906 1.0
884 44 1.0
884 250 1.0
884 818 1.0
885 116 1.0
886 192 1.0
887 62 1.0
887 544 1.0
887 715 1.0
888 48 1.0
888 154 1.0
888 320 1.0
888 443 1.0
888 712 1.0
888 788 1.0
888 801 1.0
888 891 1.0
888 991 1.0
889 498 1.0
889 560 1.0
889 620 1.0
890 212 1.0
890 289 1.0
890 460 1.0
890 490 1.0
890 656 1.0
891 61 1.0
891 327 1.0
891 485 1.0
891 741 1.0
891 760 1.0
891 824 1.0
892 343 1.0
892 594 1.0
892 746 1.0
892 841 1.0
892 874 1.0
893 239 1.0
893 922 1.0
894 27 1.0
894 305 1.0
894 702 1.0
894 804 1.0
894 861 1.0
895 127 1.0
895 431 1.0
895 737 1.0
895 748 1.0
895 900 1.0
896 43 1.0
896 179 1.0
896 635 1.0
896 739 1.0
897 482 1.0
898 251 1.0
898 465 1.0
898 745 1.0
899 171 1.0
899 414 1.0
899 561 1.0
900 146 1.0
900 285 1.0
900 570 1.0
900 748 1.0
900 937 1.0
901 423 1.0
901 702 1.0
901 897 1.0
902 92 1.0
903 34 1.0
903 191 1.0
903 352 1.0
903 395 1.0
903 524 1.0
903 955 1.0
903 1007 1.0
904 154 1.0
904 480 1.0
904 645 1.0
904 775 1.0
904 1004 1.0
905 269 1.0
906 156 1.0
906 352 1.0
906 903 1.0
907 212 1.0
907 420 1.0
907 803 1.0
907 953 1.0
908 458 1.0
908 500 1.0
908 734 1.0
911 58 1.0
911 95 1.0
911 166 1.0
911 248 1.0
911 279 1.0
911 518 1.0
912 173 1.0
912 298 1.0
912 779 1.0
912 836 1.0
913 173 1.0
913 547 1.0
913 1022 1.0
914 107 1.0
914 219 1.0
914 633 1.0
915 27 1.0
915 95 1.0
915 256 1.0
915 451 1.0
915 740 1.0
915 744 1.0
915 897 1.0
916 626 1.0
917 21 1.0
917 814 1.0
918 88 1.0
918 531 1.0
918 536 1.0
918 669 1.0
918 999 1.0
919 534 1.0
920 368 1.0
921 40 1.0
921 784 1.0
922 213 1.0
922 239 1.0
922 458 1.0
922 826 1.0
923 97 1.0
923 301 1.0
923 433 1.0
924 67 1.0
924 220 1.0
924 413 1.0
924 509 1.0
925 265 1.0
925 558 1.0
925 716 1.0
925 957 1.0
926 661 1.0
927 323 1.0
927 336 1.0
927 431 1.0
927 691 1.0
927 790 1.0
928 447 1.0
928 944 1.0
929 893 1.0
930 260 1.0
930 523 1.0
930 559 1.0
930 664 1.0
931 395 1.0
931 955 1.0
931 1007 1.0
932 164 1.0
932 218 1.0
932 776 1.0
932 795 1.0
932 1018 1.0
933 124 1.0
933 429 1.0
933 881 1.0
934 41 1.0
934 131 1.0
934 323 1.0
934 411 1.0
934 523 1.0
934 659 1.0
935 404 1.0
935 522 1.0
935 797 1.0
936 171 1.0
936 751 1.0
938 18 1.0
938 33 1.0
938 162 1.0
938 338 1.0
938 754 1.0
940 5 1.0
940 177 1.0
940 717 1.0
940 812 1.0
941 279 1.0
941 309 1.0
941 380 1.0
941 518 1.0
941 576 1.0
941 802 1.0
941 843 1.0
941 911 1.0
941 1021 1.0
942 103 1.0
942 105 1.0
942 130 1.0
942 208 1.0
942 214 1.0
942 278 1.0
942 741 1.0
942 1002 1.0
943 877 1.0
943 992 1.0
944 57 1.0
944 121 1.0
944 384 1.0
944 820 1.0
944 859 1.0
945 7 1.0
945 106 1.0
945 608 1.0
945 716 1.0
945 814 1.0
946 101 1.0
946 414 1.0
946 925 1.0
947 326 1.0
947 432 1.0
947 979 1.0
948 31 1.0
948 92 1.0
948 869 1.0
948 978 1.0
949 36 1.0
949 283 1.0
949 996 1.0
950 288 1.0
951 564 1.0
951 649 1.0
951 949 1.0
952 482 1.0
952 781 1.0
952 852 1.0
953 129 1.0
953 457 1.0
953 799 1.0
954 52 1.0
954 827 1.0
954 992 1.0
955 263 1.0
955 395 1.0
955 524 1.0
956 236 1.0
956 343 1.0
956 508 1.0
957 353 1.0
957 386 1.0
958 86 1.0
958 910 1.0
959 108 1.0
959 182 1.0
959 628 1.0
959 887 1.0
960 132 1.0
960 157 1.0
960 392 1.0
960 524 1.0
960 589 1.0
960 611 1.0
960 784 1.0
961 122 1.0
961 650 1.0
961 725 1.0
961 749 1.0
962 80 1.0
962 641 1.0
962 963 1.0
963 59 1.0
963 419 1.0
963 742 1.0
964 487 1.0
964 663 1.0
965 16 1.0
965 108 1.0
965 121 1.0
965 959 1.0
965 981 1.0
965 1019 1.0
966 399 1.0
966 536 1.0
966 809 1.0
967 257 1.0
967 537 1.0
967 626 1.0
967 916 1.0
968 602 1.0
968 960 1.0
968 973 1.0
969 226 1.0
969 232 1.0
969 438 1.0
969 795 1.0
969 952 1.0
970 6 1.0
970 757 1.0
970 761 1.0
971 362 1.0
971 687 1.0
972 122 1.0
972 410 1.0
972 1015 1.0
973 318 1.0
973 982 1.0
974 97 1.0
974 273 1.0
974 584 1.0
974 685 1.0
974 765 1.0
975 174 1.0
975 417 1.0
975 713 1.0
976 470 1.0
976 509 1.0
976 697 1.0
976 815 1.0
978 277 1.0
978 601 1.0
979 434 1.0
980 13 1.0
980 37 1.0
980 234 1.0
980 504 1.0
980 585 1.0
981 16 1.0
981 182 1.0
981 458 1.0
981 709 1.0
981 752 1.0
981 779 1.0
981 922 1.0
981 959 1.0
981 1019 1.0
982 32 1.0
982 137 1.0
982 554 1.0
982 678 1.0
982 968 1.0
982 1004 1.0
983 296 1.0
983 456 1.0
983 514 1.0
983 583 1.0
983 642 1.0
984 552 1.0
984 598 1.0
985 574 1.0
985 603 1.0
985 927 1.0
986 301 1.0
986 304 1.0
986 415 1.0
987 193 1.0
987 199 1.0
987 964 1.0
988 38 1.0
988 55 1.0
988 84 1.0
989 163 1.0
989 324 1.0
989 358 1.0
989 824 1.0
990 175 1.0
990 270 1.0
990 1007 1.0
991 29 1.0
991 320 1.0
991 427 1.0
991 862 1.0
993 16 1.0
993 394 1.0
994 127 1.0
994 431 1.0
994 525 1.0
994 895 1.0
995 4 1.0
995 78 1.0
995 133 1.0
995 538 1.0
995 859 1.0
996 184 1.0
996 288 1.0
996 423 1.0
997 427 1.0
997 547 1.0
997 820 1.0
997 837 1.0
997 849 1.0
998 888 1.0
999 35 1.0
999 88 1.0
999 644 1.0
1000 41 1.0
1000 95 1.0
1000 238 1.0
1000 339 1.0
1000 401 1.0
1000 560 1.0
1000 889 1.0
1001 130 1.0
1001 240 1.0
1001 371 1.0
1001 454 1.0
1001 769 1.0
1002 54 1.0
1003 83 1.0
1004 70 1.0
1004 480 1.0
1004 516 1.0
1004 678 1.0
1005 297 1.0
1005 680 1.0
1005 774 1.0
1006 75 1.0
1006 180 1.0
1006 211 1.0
1006 740 1.0
1007 164 1.0
1007 395 1.0
1007 418 1.0
1007 878 1.0
1007 955 1.0
1008 167 1.0
1008 186 1.0
1008 466 1.0
1008 477 1.0
1008 592 1.0
1008 892 1.0
1009 356 1.0
1009 503 1.0
1009 654 1.0
1009 692 1.0
1010 28 1.0
1010 114 1.0
1010 499 1.0
1011 139 1.0
1011 199 1.0
1011 219 1.0
1011 384 1.0
1011 820 1.0
1011 859 1.0
1011 954 1.0
1012 209 1.0
1012 361 1.0
1012 736 1.0
1012 755 1.0
1013 303 1.0
1013 469 1.0
1014 83 1.0
1014 289 1.0
1014 989 1.0
1015 560 1.0
1015 706 1.0
1015 772 1.0
1015 983 1.0
1016 349 1.0
1016 361 1.0
1016 652 1.0
1016 783 1.0
1016 991 1.0
1017 232 1.0
1017 353 1.0
1017 463 1.0
1017 603 1.0
1017 674 1.0
1017 947 1.0
1018 164 1.0
1018 544 1.0
1018 867 1.0
1019 395 1.0
1019 867 1.0
1019 959 1.0
1020 534 1.0
1020 899 1.0
1021 95 1.0
1021 279 1.0
1021 407 1.0
1021 468 1.0
1021 576 1.0
1021 625 1.0
1021 740 1.0
1021 911 1.0
1022 885 1.0
1023 44 1.0
1023 124 1.0
1023 161 1.0
1023 222 1.0
1023 242 1.0
1023 370 1.0
1023 870 1.0
