100
5 6
1 2 1.0
1 4 1.0
2 0 1.0
3 1 1.0
3 2 1.0
3 4 1.0
5 6
0 1 1.0
0 2 1.0
0 4 1.0
2 1 1.0
2 4 1.0
3 2 1.0
4 5
1 0 1.0
1 2 1.0
1 3 1.0
2 0 1.0
2 3 1.0
3 3
0 1 1.0
1 2 1.0
2 0 1.0
5 8
0 2 1.0
1 0 1.0
1 3 1.0
1 4 1.0
2 1 1.0
2 4 1.0
3 0 1.0
3 2 1.0
3 3
0 1 1.0
2 0 1.0
2 1 1.0
4 5
0 1 1.0
2 0 1.0
2 1 1.0
3 0 1.0
3 1 1.0
3 2
0 2 1.0
1 0 1.0
4 3
0 1 1.0
3 0 1.0
3 2 1.0
5 5
0 4 1.0
1 0 1.0
2 3 1.0
3 0 1.0
3 4 1.0
4 5
0 2 1.0
0 3 1.0
1 0 1.0
2 1 1.0
3 2 1.0
3 2
0 1 1.0
2 1 1.0
5 7
0 1 1.0
0 4 1.0
2 0 1.0
2 1 1.0
2 4 1.0
3 4 1.0
4 1 1.0
4 5
1 3 1.0
2 0 1.0
2 1 1.0
2 3 1.0
3 0 1.0
5 10
0 2 1.0
0 3 1.0
0 4 1.0
1 0 1.0
1 4 1.0
2 1 1.0
2 4 1.0
3 1 1.0
3 2 1.0
3 4 1.0
4 4
1 2 1.0
3 0 1.0
3 1 1.0
3 2 1.0
5 6
0 2 1.0
0 3 1.0
0 4 1.0
1 4 1.0
2 3 1.0
3 1 1.0
4 3
0 3 1.0
2 0 1.0
2 1 1.0
3 2
0 2 1.0
1 0 1.0
3 3
1 0 1.0
2 0 1.0
2 1 1.0
3 3
0 1 1.0
2 0 1.0
2 1 1.0
5 6
0 1 1.0
1 4 1.0
3 2 1.0
4 0 1.0
4 2 1.0
4 3 1.0
4 3
0 3 1.0
2 1 1.0
2 3 1.0
4 5
0 2 1.0
0 3 1.0
1 3 1.0
2 1 1.0
2 3 1.0
5 7
0 3 1.0
0 4 1.0
1 3 1.0
2 0 1.0
2 4 1.0
3 2 1.0
4 1 1.0
4 4
1 3 1.0
2 0 1.0
2 1 1.0
2 3 1.0
4 5
0 1 1.0
0 3 1.0
2 1 1.0
2 3 1.0
3 1 1.0
4 5
0 1 1.0
0 3 1.0
2 1 1.0
2 3 1.0
3 1 1.0
4 4
0 3 1.0
1 3 1.0
2 1 1.0
2 3 1.0
4 4
0 1 1.0
0 3 1.0
3 1 1.0
3 2 1.0
3 3
0 1 1.0
0 2 1.0
2 1 1.0
3 2
0 2 1.0
1 2 1.0
4 4
1 2 1.0
2 0 1.0
2 3 1.0
3 1 1.0
5 6
0 2 1.0
0 4 1.0
1 0 1.0
3 0 1.0
3 2 1.0
3 4 1.0
5 4
0 4 1.0
3 2 1.0
4 1 1.0
4 2 1.0
3 2
2 0 1.0
2 1 1.0
5 6
0 1 1.0
0 2 1.0
1 3 1.0
2 1 1.0
4 0 1.0
4 2 1.0
5 9
0 4 1.0
1 0 1.0
1 3 1.0
2 0 1.0
2 4 1.0
3 0 1.0
3 2 1.0
3 4 1.0
4 1 1.0
5 5
0 4 1.0
1 3 1.0
2 0 1.0
2 1 1.0
2 3 1.0
5 8
0 2 1.0
0 3 1.0
1 3 1.0
2 1 1.0
3 4 1.0
4 0 1.0
4 1 1.0
4 2 1.0
5 7
0 3 1.0
0 4 1.0
2 0 1.0
3 2 1.0
4 1 1.0
4 2 1.0
4 3 1.0
4 4
0 1 1.0
0 2 1.0
1 3 1.0
2 1 1.0
3 3
0 2 1.0
1 0 1.0
2 1 1.0
4 4
1 0 1.0
2 0 1.0
3 0 1.0
3 1 1.0
3 2
0 2 1.0
1 0 1.0
4 4
0 2 1.0
2 1 1.0
3 0 1.0
3 2 1.0
3 3
0 1 1.0
2 0 1.0
2 1 1.0
4 3
0 1 1.0
0 3 1.0
3 2 1.0
4 4
0 1 1.0
0 2 1.0
1 2 1.0
3 2 1.0
4 6
0 1 1.0
1 2 1.0
2 0 1.0
2 3 1.0
3 0 1.0
3 1 1.0
3 3
0 1 1.0
1 2 1.0
2 0 1.0
3 3
0 2 1.0
1 0 1.0
1 2 1.0
5 7
0 2 1.0
0 4 1.0
2 3 1.0
2 4 1.0
3 0 1.0
3 1 1.0
4 3 1.0
5 8
0 4 1.0
1 0 1.0
2 0 1.0
2 1 1.0
2 3 1.0
2 4 1.0
3 0 1.0
4 1 1.0
5 5
0 1 1.0
0 4 1.0
2 0 1.0
2 1 1.0
4 3 1.0
5 7
1 0 1.0
1 2 1.0
1 4 1.0
2 0 1.0
3 0 1.0
3 1 1.0
3 4 1.0
5 7
1 4 1.0
2 0 1.0
2 1 1.0
3 0 1.0
4 0 1.0
4 2 1.0
4 3 1.0
3 2
1 0 1.0
2 0 1.0
3 2
0 1 1.0
0 2 1.0
4 4
2 0 1.0
2 1 1.0
3 1 1.0
3 2 1.0
4 4
0 3 1.0
2 0 1.0
2 1 1.0
3 2 1.0
3 3
0 1 1.0
0 2 1.0
1 2 1.0
5 6
0 4 1.0
1 0 1.0
1 4 1.0
2 0 1.0
2 3 1.0
4 2 1.0
4 3
0 3 1.0
1 0 1.0
2 1 1.0
4 5
0 2 1.0
0 3 1.0
1 0 1.0
1 3 1.0
2 3 1.0
4 6
1 0 1.0
1 3 1.0
2 0 1.0
2 1 1.0
2 3 1.0
3 0 1.0
4 3
0 2 1.0
2 1 1.0
3 1 1.0
5 9
0 2 1.0
0 3 1.0
0 4 1.0
1 0 1.0
1 2 1.0
1 3 1.0
1 4 1.0
2 4 1.0
3 2 1.0
4 6
0 3 1.0
1 0 1.0
1 2 1.0
2 0 1.0
2 3 1.0
3 1 1.0
4 5
0 3 1.0
1 0 1.0
1 2 1.0
2 0 1.0
3 1 1.0
4 5
0 1 1.0
0 3 1.0
2 0 1.0
2 3 1.0
3 1 1.0
4 6
0 1 1.0
0 3 1.0
1 2 1.0
1 3 1.0
2 0 1.0
3 2 1.0
5 7
0 1 1.0
0 2 1.0
0 3 1.0
2 1 1.0
2 4 1.0
3 1 1.0
3 2 1.0
4 4
2 0 1.0
2 1 1.0
2 3 1.0
3 0 1.0
5 7
1 0 1.0
1 4 1.0
2 0 1.0
2 1 1.0
2 3 1.0
2 4 1.0
4 0 1.0
4 3
1 0 1.0
2 0 1.0
2 3 1.0
4 4
0 2 1.0
0 3 1.0
1 0 1.0
1 3 1.0
5 9
0 1 1.0
0 2 1.0
0 4 1.0
1 4 1.0
2 3 1.0
2 4 1.0
3 0 1.0
3 1 1.0
3 4 1.0
5 6
0 2 1.0
1 0 1.0
1 4 1.0
3 1 1.0
4 0 1.0
4 2 1.0
4 3
2 0 1.0
2 1 1.0
3 0 1.0
4 6
0 1 1.0
0 3 1.0
2 0 1.0
2 1 1.0
3 1 1.0
3 2 1.0
5 7
0 3 1.0
0 4 1.0
1 0 1.0
2 1 1.0
2 4 1.0
3 2 1.0
4 1 1.0
4 5
1 0 1.0
2 1 1.0
3 0 1.0
3 1 1.0
3 2 1.0
3 3
0 1 1.0
1 2 1.0
2 0 1.0
5 7
0 2 1.0
1 0 1.0
1 4 1.0
2 1 1.0
2 4 1.0
3 2 1.0
4 3 1.0
4 4
0 3 1.0
1 0 1.0
2 0 1.0
2 3 1.0
4 5
0 1 1.0
0 2 1.0
2 1 1.0
3 1 1.0
3 2 1.0
4 5
0 3 1.0
1 0 1.0
1 3 1.0
2 1 1.0
2 3 1.0
5 7
1 0 1.0
1 2 1.0
1 4 1.0
2 3 1.0
3 0 1.0
3 1 1.0
4 0 1.0
4 3
1 3 1.0
2 1 1.0
3 0 1.0
3 2
0 1 1.0
2 1 1.0
3 3
0 1 1.0
1 2 1.0
2 0 1.0
4 5
0 1 1.0
1 2 1.0
2 0 1.0
3 1 1.0
3 2 1.0
4 4
1 3 1.0
2 1 1.0
2 3 1.0
3 0 1.0
4 5
0 3 1.0
1 0 1.0
1 2 1.0
2 0 1.0
3 2 1.0
3 2
0 1 1.0
2 1 1.0
3 2
0 1 1.0
2 1 1.0
4 5
0 1 1.0
0 3 1.0
1 2 1.0
2 0 1.0
3 1 1.0
5 9
1 0 1.0
1 2 1.0
1 3 1.0
2 0 1.0
2 3 1.0
2 4 1.0
3 0 1.0
4 0 1.0
4 3 1.0
3 3
1 0 1.0
2 0 1.0
2 1 1.0
